place(2.912, 1.000, 2.599, "Pyromancer", 900)
upgrade(2.912, 2.350, 2.599, 325)
upgrade(2.912, 2.350, 2.599, 1000)
place(11.265, 1.000, 11.044, "Crook Boss", 1600)
upgrade(11.265, 2.350, 11.044, 1150)
place(-2.682, 1.000, 3.025, "Pyromancer", 900)
upgrade(-2.682, 2.350, 3.025, 325)
upgrade(-2.682, 2.350, 3.025, 1000)
place(-3.122, 1.000, -3.001, "Pyromancer", 900)
upgrade(-3.122, 2.350, -3.001, 325)
upgrade(-3.122, 2.350, -3.001, 1000)
place(3.341, 1.000, -2.604, "Pyromancer", 900)
upgrade(3.341, 2.350, -2.604, 325)
upgrade(3.341, 2.350, -2.604, 1000)
place(-3.596, 1.000, 5.972, "Pyromancer", 900)
upgrade(-3.596, 2.350, 5.972, 325)
upgrade(-3.596, 2.350, 5.972, 1000)
place(-3.812, 1.000, -6.320, "Pyromancer", 900)
upgrade(-3.812, 2.350, -6.320, 325)
upgrade(-3.812, 2.350, -6.320, 1000)
place(-6.221, 1.000, -3.809, "Pyromancer", 900)
upgrade(-6.221, 2.350, -3.809, 325)
upgrade(-6.221, 2.350, -3.809, 1000)
